0 0 1.0
0 5 0.780505859385895
0 11 0.7814168272613092
0 12 0.8206972913637723
0 42 0.7087043278630253
0 51 0.8837814553818129
0 170 0.8114740832948597
0 317 1.0
0 319 0.780505859385895
0 325 0.7814168272613092
0 326 0.8206972913637723
0 338 0.8316795508400541
0 339 0.8368650165934234
0 420 0.7087043278630253
0 441 0.8837814553818129
0 758 0.7700739068989824
0 820 0.8006227875524777
0 836 0.8611689600316644
0 893 0.8487112126847084
0 906 0.7557036397572314
0 933 0.8014866200177984
0 934 0.8425910244284999
0 986 0.818008020767754
0 1066 0.8554909665511465
0 1099 0.7603956149913758
0 1185 0.8488321110997737
0 1447 0.8286425654806868
1 1 1.0
1 4 0.8238407082442797
1 7 0.8327388358909227
1 8 0.8121903157472632
1 9 0.8269284139300851
1 30 0.8994613779022381
1 31 0.8433240206197689
1 33 0.8339135124037652
1 36 0.8433240206197689
1 37 0.8113197347178001
1 38 0.8291171092030301
1 43 0.8545804328383456
1 47 0.8291266313990074
1 49 0.8614003952597655
1 243 0.8517027096126593
1 254 0.7856527263756528
1 321 0.8327388358909227
1 323 0.8121903157472632
1 398 0.8389303662341782
1 411 0.8339135124037652
1 412 0.8414768589751225
1 418 0.8113197347178001
1 437 0.8614003952597655
1 893 0.8611711688179622
1 962 0.8453400165291424
1 967 0.8315774980106445
1 1032 0.8453400165291424
1 1094 0.8379092766865763
1 1286 0.8477660387186615
1 1377 0.8498463039739321
2 2 1.0
2 6 0.7677061431518212
2 146 0.685578664110847
2 241 0.7203208408724486
2 318 1.0
2 320 0.7677061431518212
2 327 0.8118843430273124
2 351 0.7719233775358854
2 442 0.7595677828025756
2 444 0.7595677828025756
2 562 0.773643365253389
2 565 0.7599079235686911
2 837 0.354169749325822
2 1014 0.6921079341840908
2 1045 0.7674508547158646
2 1245 0.5224144879900359
2 1321 0.7550504249009169
3 3 1.0
3 4 0.9724546503611099
3 9 0.9537087918444758
3 29 1.0
3 30 0.8420456037233764
3 31 0.8375520556434219
3 32 0.782052658317521
3 36 0.8375520556434219
3 39 1.0
3 41 0.9753140847678634
3 47 0.9032841176309224
3 410 0.782052658317521
3 425 0.8405688663254729
3 967 0.8909593159686564
4 1 0.8238407082442797
4 3 0.9724546503611099
4 4 1.0
4 9 0.9349701837886639
4 29 0.9724546503611099
4 30 0.8425071527470087
4 32 0.7694037699551758
4 33 0.8124541904115717
4 39 0.9724546503611099
4 41 0.94232676687907
4 47 0.9023892028861094
4 410 0.7694037699551758
4 411 0.8124541904115717
4 425 0.9037750021509621
4 967 0.9282683006377394
5 0 0.780505859385895
5 5 1.0
5 12 0.8310710683658492
5 164 0.7385135989759647
5 171 0.7385135989759647
5 317 0.780505859385895
5 319 1.0
5 326 0.8310710683658492
5 416 0.7772979708919725
5 427 0.7924687442665658
5 565 0.7885290418407787
5 765 0.7734790032369642
5 934 0.8082350759170535
5 1298 0.8370488287364657
6 2 0.7677061431518212
6 6 1.0
6 140 0.8661170969567406
6 146 0.7883082419069309
6 241 0.7074387386299796
6 282 0.6844030748556987
6 318 0.7677061431518212
6 320 1.0
6 575 0.8063404324648358
6 619 0.7719269763120814
6 692 0.8048607705686224
6 800 0.8199899380650517
6 1045 0.891602334277494
6 1061 0.8285509437663785
6 1100 0.829489738269368
6 1168 0.14809233280198023
6 1186 0.8255286731719828
6 1245 0.5268362081555182
6 1364 0.82980813910914
6 1467 0.8177295782800083
7 1 0.8327388358909227
7 7 1.0
7 48 0.7923586894891981
7 49 0.814590710851676
7 321 1.0
7 426 0.7923586894891981
7 437 0.814590710851676
7 442 0.8224698483774087
7 444 0.8224698483774087
7 565 0.8162535369746075
7 823 0.8036235016787402
7 1007 0.7853052138868961
8 1 0.8121903157472632
8 8 1.0
8 30 0.8386344213064054
8 49 0.8260517238482615
8 50 0.8197994506502762
8 323 1.0
8 437 0.8260517238482615
8 440 0.8197994506502762
8 442 0.808219986020394
8 444 0.808219986020394
8 960 0.7639974741421681
8 963 0.7061378227851192
8 1018 0.7700807471991746
8 1264 0.827985870868292
8 1352 0.827985870868292
8 1493 0.38292586650819105
9 1 0.8269284139300851
9 3 0.9537087918444758
9 4 0.9349701837886639
9 9 1.0
9 29 0.9537087918444758
9 32 0.7726630681358628
9 33 0.8286368559313411
9 39 0.9537087918444758
9 41 0.9410627741072672
9 43 0.8651988094683947
9 47 0.9411373915049127
9 410 0.7726630681358628
9 411 0.8286368559313411
9 425 0.8254920063021217
9 967 0.8517405881571339
10 10 1.0
10 34 0.7834821894333388
10 38 0.7797076766714331
10 40 0.7885310029736378
10 44 0.8176969637829236
10 322 0.8000805068071256
10 324 1.0
10 414 0.7834821894333388
10 419 0.7885310029736378
10 421 0.8176969637829236
10 427 0.7741354105294781
10 438 0.8152773519496345
10 439 0.7998482928056443
11 0 0.7814168272613092
11 11 1.0
11 42 0.7968913056358089
11 46 0.778386737522813
11 317 0.7814168272613092
11 325 1.0
11 413 0.7823161473827985
11 420 0.7968913056358089
11 424 0.778386737522813
11 779 0.7750305615061278
11 836 0.8108085102448791
11 934 0.8075238687327219
11 1017 0.7884938799320658
11 1116 0.701608809448815
12 0 0.8206972913637723
12 5 0.8310710683658492
12 12 1.0
12 17 0.8334630957857802
12 150 0.6908442905890324
12 152 0.5776867389361164
12 317 0.8206972913637723
12 319 0.8310710683658492
12 326 1.0
12 338 0.8334630957857802
12 416 0.7909731559126834
12 934 0.880065303579508
12 960 0.8142325615967007
12 1066 0.84076930008226
12 1108 0.8053124962649372
13 13 1.0
13 16 0.8768357333788823
13 26 0.8188028387638198
13 28 0.8554777812205403
13 328 1.0
13 337 0.8768357333788823
13 341 0.8536489011925498
13 354 0.833540581826323
13 359 0.8188028387638198
13 362 0.9336835677041975
13 372 0.8792244486922045
13 374 0.8554777812205403
13 377 0.8409468334750035
13 388 0.8439909751556286
13 389 0.8556916428359188
13 399 0.8519231550989205
13 406 0.9336835677041975
13 409 0.8569133501446249
14 14 1.0
14 16 0.8530520584516659
14 22 0.833635252712923
14 23 0.8899594482090011
14 35 0.9292059103085107
14 329 1.0
14 334 0.9019393298400445
14 335 0.8680281630517168
14 336 0.8767701848392279
14 337 0.8530520584516659
14 344 0.8255235568927404
14 347 0.833635252712923
14 349 0.8619988482566123
14 360 0.8255235568927404
14 361 0.9305250508058758
14 363 0.9292059103085107
14 367 0.8255235568927404
14 382 0.912922036584603
14 389 0.9140432957651669
14 390 0.8709400062468186
14 403 0.8548071120945673
14 404 0.8099370476450365
14 415 0.9305250508058758
14 417 0.9292059103085107
14 586 0.7742866280037812
15 15 1.0
15 103 0.4823762587063519
15 181 0.5311407358978208
15 300 0.49642253134605735
15 330 1.0
15 443 0.4899066734783573
15 725 0.5319131313521231
15 1295 0.7149823899860516
15 1363 0.6870056251544736
15 1421 0.4992191505526753
15 1436 0.5173532222725197
15 1482 0.3428570934910996
15 1484 0.4823762587063519
16 13 0.8768357333788823
16 14 0.8530520584516659
16 16 1.0
16 20 0.8545605403488338
16 21 0.853658219906179
16 28 0.8725591823445956
16 188 0.7304010828697747
16 328 0.8768357333788823
16 329 0.8530520584516659
16 337 1.0
16 374 0.8725591823445956
16 393 0.8478163671955947
16 407 0.8500705316570677
16 409 0.8496521728794839
16 806 0.848925302774363
16 1335 0.7594413700273153
16 1431 0.7598713991236796
16 1463 0.7929982590051089
17 12 0.8334630957857802
17 17 1.0
17 49 0.8675742491316399
17 50 0.8514235896145627
17 69 0.8482951124802774
17 130 0.8789819001028171
17 163 0.8789421104333186
17 212 0.751173872876313
17 213 0.8728721477091819
17 238 0.751173872876313
17 311 0.8322391820830647
17 326 0.8334630957857802
17 338 1.0
17 339 0.9600196262204744
17 353 0.9184569815442507
17 437 0.8675742491316399
17 440 0.8514235896145627
17 469 0.8482951124802774
17 517 0.9260069909620477
17 536 0.8857214360919986
17 565 0.8700741841721836
17 576 0.9002667996464268
17 605 0.9061925816582495
17 655 0.8913810933598983
17 663 0.8916083347601416
17 765 0.8730377243445896
17 821 0.8688252012485951
17 836 0.8383999949249495
17 862 0.8372445952417527
17 863 0.8295581304035015
17 878 0.8869250218035251
17 902 0.8287321735192771
17 951 0.8658048554030686
17 960 0.7966315291229177
17 1007 0.872049949600346
17 1055 0.9212432739394087
17 1084 0.9212432739394087
17 1106 0.8035318327792634
17 1109 0.8690823370323186
17 1137 0.8449227954894534
17 1143 0.8449227954894534
17 1151 0.8449227954894534
17 1447 0.8765151629895653
17 1452 0.8578690980788981
18 18 1.0
18 19 0.7900067858966032
18 206 0.874117076461343
18 218 0.8394254162324072
18 219 0.8019147167447069
18 270 0.8015557115561919
18 343 1.0
18 346 0.8021737306454415
18 353 0.8589694036426124
18 355 0.9191911598041687
18 375 0.7845544990847886
18 494 0.8426237401479141
18 536 0.8520253361502274
18 597 0.8582965204933863
18 620 0.8426237401479141
18 1376 0.7688064989272428
18 1438 0.8111464345282926
18 1439 0.8780782289749299
18 1450 0.8466274793217647
19 18 0.7900067858966032
19 19 1.0
19 23 0.7863567053382463
19 176 0.7137996007156477
19 182 0.8062069885704618
19 195 0.8576279821166104
19 339 0.7853048671903268
19 343 0.7900067858966032
19 346 0.8080554589896727
19 353 0.8029431140430514
19 375 0.7691354161910771
19 380 0.863570313559906
19 385 0.7837556059692115
19 626 0.770783540170675
19 680 0.770783540170675
19 918 0.7851110955062158
19 1471 0.752120087184931
20 16 0.8545605403488338
20 20 1.0
20 21 0.9899155544201497
20 35 0.9144137947589214
20 48 0.8312518508022183
20 108 0.8572783919121096
20 121 0.8882666274730708
20 290 0.7656900328692687
20 337 0.8545605403488338
20 348 0.866070781708065
20 361 0.9084401958364081
20 363 0.9144137947589214
20 390 0.8470357870339863
20 392 0.8769356164292699
20 397 0.8885216220653872
20 415 0.9084401958364081
20 417 0.9144137947589214
20 426 0.8312518508022183
20 806 0.8623524503131286
20 963 0.7064729288681995
20 1094 0.7866634266740421
20 1131 0.8572783919121096
20 1175 0.8882666274730708
20 1181 0.8882666274730708
20 1305 0.8473823998358173
20 1313 0.8762205099409445
20 1335 0.7929776742100471
21 16 0.853658219906179
21 20 0.9899155544201497
21 21 1.0
21 35 0.8813395877106901
21 108 0.8559345696107441
21 188 0.7356339430864091
21 337 0.853658219906179
21 348 0.8645548955403073
21 361 0.8631430314203971
21 363 0.8813395877106901
21 364 0.850652889509815
21 390 0.8399836268868023
21 392 0.8470974664414996
21 397 0.8531266613323172
21 415 0.8631430314203971
21 417 0.8813395877106901
21 963 0.7042303721331391
21 1094 0.7786574773752191
21 1131 0.8559345696107441
21 1313 0.8788049336030919
21 1335 0.83050035001469
21 1463 0.7827043730734845
22 14 0.833635252712923
22 22 1.0
22 28 0.8387873777362146
22 329 0.833635252712923
22 347 1.0
22 348 0.8777843606403227
22 374 0.8387873777362146
22 377 0.8607180380233178
22 381 0.8447688192358782
22 382 0.8517751667539079
22 389 0.8376255036476103
22 407 0.8412125745326121
23 14 0.8899594482090011
23 19 0.7863567053382463
23 23 1.0
23 28 0.8769671029567722
23 35 0.8933029254037573
23 188 0.7465130551294116
23 306 0.8007324168282932
23 315 0.8613662265601411
23 329 0.8899594482090011
23 333 0.9106966539473866
23 336 0.8582069345187225
23 341 0.8181094924927136
23 342 0.8729550984639987
23 363 0.8933029254037573
23 364 0.8740074425093445
23 374 0.8769671029567722
23 382 0.8936990822143738
23 383 0.8366272380685901
23 387 0.8752065783643698
23 390 0.851439384584499
23 395 0.8434724993654154
23 402 0.8729550984639987
23 407 0.8837501946106123
23 417 0.8933029254037573
24 24 1.0
24 26 0.8254198681006621
24 345 0.8533726027238118
24 357 1.0
24 359 0.8254198681006621
24 364 0.8680718961384573
24 369 0.8724224670402023
24 372 0.8600456304226508
24 379 0.870077269324751
24 382 0.8539247718993718
24 383 0.8397464950683832
24 386 0.7959807924304867
24 387 0.8678827683857273
24 390 0.8483837141631515
24 404 0.8050215603764908
24 407 0.8916660734497769
24 409 0.8909585582232533
25 25 1.0
25 35 0.8892999922991646
25 154 0.8760467197263276
25 315 0.8312293834582708
25 358 1.0
25 363 0.8892999922991646
25 382 0.8866628265679698
25 383 0.8418103461676394
25 395 0.8787900665264209
25 398 0.8902855623867882
25 417 0.8892999922991646
25 831 0.8282649066964214
25 884 0.8282649066964214
25 1119 0.8237196880924691
25 1218 0.8799570480941886
25 1326 0.8799570480941886
25 1344 0.8799570480941886
25 1349 0.8799570480941886
26 13 0.8188028387638198
26 24 0.8254198681006621
26 26 1.0
26 328 0.8188028387638198
26 357 0.8254198681006621
26 359 1.0
26 362 0.8057070769322255
26 369 0.8056063637836901
26 372 0.8500852687824586
26 391 0.8183825138528424
26 406 0.8057070769322255
26 407 0.859012740907852
27 27 1.0
27 186 0.8824914148517532
27 349 0.8226847913612368
27 371 1.0
27 392 0.8375135624165067
27 400 0.8375135624165067
27 405 0.8375135624165067
27 408 0.8375135624165067
27 809 0.836082093796809
27 857 0.846517804944592
27 922 0.8250887984292975
27 1028 0.7475310401841117
27 1254 0.8371984107304556
28 13 0.8554777812205403
28 16 0.8725591823445956
28 22 0.8387873777362146
28 23 0.8769671029567722
28 28 1.0
28 188 0.7478834967065716
28 264 0.7934520317473447
28 265 0.7841532123634184
28 328 0.8554777812205403
28 337 0.8725591823445956
28 340 0.8274122525397068
28 347 0.8387873777362146
28 354 0.8953671693229199
28 374 1.0
28 377 0.8168421176125925
28 382 0.869107472591032
28 389 0.8604514699163874
28 391 0.8601977216504866
28 407 0.8678802551057694
28 1026 0.8197487346251251
28 1260 0.8432564818186413
28 1288 0.8432564818186413
28 1294 0.8432564818186413
28 1309 0.8432564818186413
28 1431 0.8015980207408676
28 1433 0.7645194234023288
29 3 1.0
29 4 0.9724546503611099
29 9 0.9537087918444758
29 29 1.0
29 30 0.8420456037233764
29 31 0.8375520556434219
29 32 0.782052658317521
29 36 0.8375520556434219
29 39 1.0
29 41 0.9753140847678634
29 47 0.9032841176309224
29 410 0.782052658317521
29 425 0.8405688663254729
29 967 0.8909593159686564
30 1 0.8994613779022381
30 3 0.8420456037233764
30 4 0.8425071527470087
30 8 0.8386344213064054
30 29 0.8420456037233764
30 30 1.0
30 31 0.9141039097604549
30 32 0.7083338139643405
30 36 0.9141039097604549
30 38 0.8816875492847048
30 39 0.8420456037233764
30 41 0.8358918782574715
30 43 0.8853644094830101
30 323 0.8386344213064054
30 410 0.7083338139643405
30 412 0.8081038567116993
30 962 0.8220376322550154
30 1032 0.8220376322550154
30 1094 0.8030830752373923
30 1493 0.45103104751866585
31 1 0.8433240206197689
31 3 0.8375520556434219
31 29 0.8375520556434219
31 30 0.9141039097604549
31 31 1.0
31 36 1.0
31 38 0.9752955494598259
31 39 0.8375520556434219
31 41 0.8521498853383883
31 43 0.9480913275908943
31 44 0.837054082224865
31 421 0.837054082224865
31 962 0.871712871809287
31 1032 0.871712871809287
31 1483 0.45066176351755877
31 1493 0.4006085111389933
32 3 0.782052658317521
32 4 0.7694037699551758
32 9 0.7726630681358628
32 29 0.782052658317521
32 30 0.7083338139643405
32 32 1.0
32 39 0.782052658317521
32 41 0.8016273370121801
32 410 1.0
32 427 0.7145275080072482
32 751 0.6857512951434409
32 967 0.7413876678176127
32 977 0.7704088971673307
33 1 0.8339135124037652
33 4 0.8124541904115717
33 9 0.8286368559313411
33 33 1.0
33 37 0.771890249286127
33 40 0.7765580958875182
33 41 0.8028229354146038
33 46 0.8118973461464113
33 47 0.8506361010220548
33 49 0.8165467727320624
33 411 1.0
33 418 0.771890249286127
33 419 0.7765580958875182
33 423 0.8261234786619506
33 424 0.8118973461464113
33 425 0.7961575475048864
33 437 0.8165467727320624
33 443 0.7629298767182598
34 10 0.7834821894333388
34 34 1.0
34 35 0.8552012044915567
34 298 0.8239719654098671
34 324 0.7834821894333388
34 361 0.8576230250074035
34 363 0.8552012044915567
34 414 1.0
34 415 0.8576230250074035
34 417 0.8552012044915567
34 536 0.8514928563151136
34 565 0.8695739745288551
34 834 0.7887571755708991
34 927 0.8431288298820179
34 959 0.8615240035033794
34 1019 0.7831262893156216
34 1162 0.8267858636996666
34 1220 0.7595570529929683
34 1298 0.8314920584642499
34 1443 0.8204982826948194
34 1462 0.8747731841460962
34 1478 0.855626954657049
35 14 0.9292059103085107
35 20 0.9144137947589214
35 21 0.8813395877106901
35 23 0.8933029254037573
35 25 0.8892999922991646
35 34 0.8552012044915567
35 35 1.0
35 121 0.9037524986105102
35 329 0.9292059103085107
35 333 0.834885238738657
35 342 0.8793784687092386
35 349 0.8687830683329217
35 350 0.8488176591564934
35 356 0.8845022590686098
35 358 0.8892999922991646
35 361 0.9897681599246495
35 363 1.0
35 365 0.8069423062335253
35 368 0.8688022665097123
35 382 0.8918220927606051
35 398 0.8817974728730317
35 402 0.8793784687092386
35 403 0.8424512328115933
35 414 0.8552012044915567
35 415 0.9897681599246495
35 417 1.0
35 431 0.7740095574327204
35 439 0.8296447708779853
35 1009 0.8253392278930977
35 1175 0.9037524986105102
35 1181 0.9037524986105102
36 1 0.8433240206197689
36 3 0.8375520556434219
36 29 0.8375520556434219
36 30 0.9141039097604549
36 31 1.0
36 36 1.0
36 38 0.9752955494598259
36 39 0.8375520556434219
36 41 0.8521498853383883
36 43 0.9480913275908943
36 44 0.837054082224865
36 421 0.837054082224865
36 962 0.871712871809287
36 1032 0.871712871809287
36 1483 0.45066176351755877
36 1493 0.4006085111389933
37 1 0.8113197347178001
37 33 0.771890249286127
37 37 1.0
37 71 0.769400151680878
37 254 0.7699334012409654
37 418 1.0
37 425 0.8142500711641655
37 474 0.769400151680878
37 574 0.7923212593410422
37 601 0.3654333284073726
37 660 0.7724652178515731
37 858 0.7791382424254403
37 967 0.7692770831884502
37 1434 0.8294498988643961
38 1 0.8291171092030301
38 10 0.7797076766714331
38 30 0.8816875492847048
38 31 0.9752955494598259
38 36 0.9752955494598259
38 38 1.0
38 39 0.82543870102328
38 41 0.8793781397410266
38 43 0.9358091308589952
38 44 0.8906301597002597
38 322 0.7598394608936784
38 324 0.7797076766714331
38 421 0.8906301597002597
38 427 0.8198812934910789
38 438 0.8271615640443446
38 962 0.8505738014031212
38 1032 0.8505738014031212
39 3 1.0
39 4 0.9724546503611099
39 9 0.9537087918444758
39 29 1.0
39 30 0.8420456037233764
39 31 0.8375520556434219
39 32 0.782052658317521
39 36 0.8375520556434219
39 38 0.82543870102328
39 39 1.0
39 41 0.9753140847678634
39 47 0.9032841176309224
39 410 0.782052658317521
39 425 0.8405688663254729
39 967 0.8909593159686564
40 10 0.7885310029736378
40 33 0.7765580958875182
40 40 1.0
40 42 0.7631794839645132
40 44 0.8384548122492174
40 322 0.7819703242719986
40 324 0.7885310029736378
40 411 0.7765580958875182
40 413 0.863735498897497
40 419 1.0
40 420 0.7631794839645132
40 421 0.8384548122492174
40 438 0.8656333157917173
40 439 0.8749922918516607
40 893 0.7710089092974368
41 3 0.9753140847678634
41 4 0.94232676687907
41 9 0.9410627741072672
41 29 0.9753140847678634
41 30 0.8358918782574715
41 31 0.8521498853383883
41 32 0.8016273370121801
41 33 0.8028229354146038
41 36 0.8521498853383883
41 38 0.8793781397410266
41 39 0.9753140847678634
41 41 1.0
41 43 0.8324488184363307
41 47 0.9009629654410639
41 322 0.7642299996751964
41 410 0.8016273370121801
41 411 0.8028229354146038
41 425 0.7983233622730134
41 427 0.7708894694066114
41 438 0.821285517675385
41 967 0.8677915384498956
42 0 0.7087043278630253
42 11 0.7968913056358089
42 40 0.7631794839645132
42 42 1.0
42 317 0.7087043278630253
42 319 0.7078741953044273
42 325 0.7968913056358089
42 413 0.7989583660121347
42 419 0.7631794839645132
42 420 1.0
42 836 0.7241132562746031
42 934 0.7035176489573833
43 1 0.8545804328383456
43 9 0.8651988094683947
43 30 0.8853644094830101
43 31 0.9480913275908943
43 36 0.9480913275908943
43 38 0.9358091308589952
43 41 0.8324488184363307
43 43 1.0
43 44 0.8398540561396906
43 47 0.8578012706991925
43 421 0.8398540561396906
43 962 0.8267122574344155
43 1032 0.8267122574344155
44 10 0.8176969637829236
44 31 0.837054082224865
44 36 0.837054082224865
44 38 0.8906301597002597
44 40 0.8384548122492174
44 43 0.8398540561396906
44 44 1.0
44 49 0.8243531827177949
44 322 0.8300890685746314
44 324 0.8176969637829236
44 413 0.815540988821564
44 419 0.8384548122492174
44 421 1.0
44 427 0.8012040624435732
44 437 0.8243531827177949
44 438 0.8768055436171964
44 439 0.8315353319614718
44 1483 0.4486772420060002
45 45 1.0
45 228 0.8726827894871386
45 269 0.792862366003924
45 297 0.8410232545607903
45 299 0.8276323221038367
45 422 1.0
45 477 0.8496115028844627
45 495 0.8390262891462414
45 510 0.8866872051851524
45 707 0.8429755370724813
45 708 0.8413490864417394
45 899 0.896058595908794
45 914 0.823698033784597
45 1085 0.8593745983058981
45 1270 0.8667278154087564
46 11 0.778386737522813
46 33 0.8118973461464113
46 46 1.0
46 49 0.8039700243762085
46 289 0.5998735146678544
46 325 0.778386737522813
46 411 0.8118973461464113
46 423 0.9423369821517458
46 424 1.0
46 437 0.8039700243762085
46 765 0.8009212050329227
46 779 0.8100798010845207
46 817 0.8100798010845207
46 996 0.7562334952732457
46 1003 0.7980846705255241
46 1102 0.7675269507079839
46 1257 0.7961739912967765
47 1 0.8291266313990074
47 3 0.9032841176309224
47 4 0.9023892028861094
47 9 0.9411373915049127
47 29 0.9032841176309224
47 33 0.8506361010220548
47 39 0.9032841176309224
47 41 0.9009629654410639
47 43 0.8578012706991925
47 47 1.0
47 411 0.8506361010220548
47 425 0.8197223383740282
47 443 0.7563860339527287
47 967 0.845357376470654
47 1241 0.2174788274957101
48 7 0.7923586894891981
48 20 0.8312518508022183
48 48 1.0
48 122 0.8377573713673354
48 209 0.8134809980403985
48 321 0.7923586894891981
48 426 1.0
48 475 0.8235495563556325
48 587 0.7332781701106237
48 845 0.8452498933586368
48 878 0.8359919083211375
48 951 0.8403632848938765
48 1007 0.8339474301965484
48 1015 0.8306648946679456
48 1040 0.8532914804488323
48 1181 0.832144656827178
48 1190 0.8083811939956843
48 1229 0.7940368573758476
48 1268 0.7192490586913196
48 1300 0.8275689392457436
48 1313 0.833372114741469
48 1463 0.8243858481714031
49 1 0.8614003952597655
49 7 0.814590710851676
49 8 0.8260517238482615
49 17 0.8675742491316399
49 33 0.8165467727320624
49 44 0.8243531827177949
49 46 0.8039700243762085
49 49 1.0
49 50 0.8897166737698031
49 165 0.8931747150958583
49 321 0.814590710851676
49 323 0.8260517238482615
49 327 0.8369624910904928
49 338 0.8675742491316399
49 411 0.8165467727320624
49 421 0.8243531827177949
49 423 0.8413076922983629
49 424 0.8039700243762085
49 437 1.0
49 440 0.8897166737698031
49 442 0.8911609171863085
49 443 0.7470709155210866
49 444 0.8911609171863085
49 565 0.8463334059007204
49 576 0.8630727894712005
49 734 0.8020024533076736
49 813 0.8113059047158495
49 951 0.8679480234278559
50 8 0.8197994506502762
50 17 0.8514235896145627
50 49 0.8897166737698031
50 50 1.0
50 149 0.7787676505817476
50 163 0.8575030758410943
50 323 0.8197994506502762
50 338 0.8514235896145627
50 416 0.8165693605660196
50 437 0.8897166737698031
50 440 1.0
50 469 0.8188459233982215
50 908 0.8513712468311906
50 960 0.8503964098764072
51 0 0.8837814553818129
51 51 1.0
51 139 0.7015526089080432
51 317 0.8837814553818129
51 441 1.0
51 749 0.8457188066326136
51 816 0.8457188066326136
51 833 0.8731677577312338
51 836 0.8548093189689637
51 893 0.8572263147377012
51 900 0.8457188066326136
51 925 0.8339632923291627
51 1012 0.8457188066326136
51 1082 0.8457188066326136
52 52 1.0
52 77 0.8328523177695746
52 78 0.8455011437760492
52 246 0.8042197949238563
52 447 1.0
52 463 0.8720867525265849
52 472 0.8455679572581232
52 489 0.8328523177695746
52 497 0.8455011437760492
52 609 0.85229680429896
52 615 0.7874033968698382
52 616 0.8317895418318992
52 645 0.8576182288495298
52 686 0.8576182288495298
52 918 0.8256707500307114
52 1473 0.8459272380350272
53 53 1.0
53 530 0.7526324337832659
53 537 0.7575002023496118
53 539 0.7505553751565917
53 540 0.7462190453988592
53 554 0.7849847904437667
53 561 0.7930332082184849
53 591 0.793627772062663
53 610 0.759846460890551
53 642 0.8031569232900954
53 683 0.8031569232900954
53 711 0.8413770121472003
54 54 1.0
54 76 0.8629714648203123
54 103 0.8214323147402594
54 181 0.706252975568123
54 272 0.8321542889857717
54 310 0.793402206798266
54 458 0.990642057527048
54 487 0.8629714648203123
54 493 0.8617412885102745
54 650 0.8800657346787617
54 1184 0.8439191941400097
54 1248 0.735077740044301
54 1261 0.8701802551460301
54 1270 0.8729059746585797
54 1271 0.9425616509567429
54 1282 0.8684412579024605
54 1304 0.7647141599009255
54 1329 0.7882981498084387
54 1421 0.8645568210000119
54 1436 0.9037354016174346
54 1450 0.8536931824804728
54 1457 0.7903524654793919
54 1484 0.8214323147402594
55 55 1.0
55 450 1.0
55 462 0.9429951708026646
55 477 0.9402479313748527
55 514 0.9730117721779216
55 531 0.953362900130632
55 582 0.9259584002617317
55 622 0.9796266471725859
55 623 0.8282421889887616
55 625 0.9796266471725859
55 637 0.8951229708834922
55 656 0.9455475028853663
55 668 0.8282421889887616
55 670 0.8712938257406336
55 678 0.9796266471725859
55 748 0.8411844244618671
55 790 0.7815090206680979
55 803 0.8677408401194938
55 829 0.8589376494838229
55 1024 0.77488552133677
55 1061 0.8453887045827075
55 1120 0.8537637369562959
55 1259 0.7647581843924358
55 1430 0.7815090206680979
56 56 1.0
56 68 0.8269663102451079
56 76 0.8722525302666734
56 178 0.8082538653634449
56 307 0.7692843208591013
56 454 1.0
56 465 0.8269663102451079
56 483 1.0
56 487 0.8722525302666734
56 504 0.9106997967125824
56 530 0.8988639840383137
56 534 0.8727986871393069
56 537 0.8767397254710401
56 539 0.8599286235767919
56 549 1.0
56 563 0.8880251800964235
56 578 1.0
56 591 0.8695632367147528
56 597 0.9007378433221489
56 598 0.8211284474877608
56 657 1.0
56 693 1.0
56 711 0.8738889192041313
56 716 1.0
56 972 0.8861155914719859
56 1457 0.7702572272917692
56 1458 0.4850112147943704
57 57 1.0
57 70 0.8436108311988326
57 211 0.8614959104224118
57 240 0.8606846809902092
57 334 0.8585497670740815
57 381 0.8339874793206493
57 401 0.8080291890394362
57 453 0.8751542740313687
57 456 1.0
57 470 0.8436108311988326
57 530 0.9060955472464961
57 557 0.8611750090391667
57 558 0.8393854599361337
57 563 0.8659343052255402
57 589 0.872066930409314
57 972 0.8793655898742222
57 1179 0.799208913893999
57 1197 0.7528193399689163
57 1256 0.799208913893999
57 1305 0.8559434051376094
57 1311 0.8798817156070036
57 1339 0.8018200060667827
57 1360 0.799208913893999
57 1399 0.8798817156070036
57 1406 0.7528193399689163
57 1408 0.8798817156070036
58 58 1.0
58 83 0.8021470546166847
58 459 1.0
58 486 0.737067811244172
58 491 0.7849615838188392
58 526 0.7871886694733178
58 532 0.8021470546166847
58 592 0.727387633298558
58 632 0.8156037798152846
58 661 0.7142060030329209
58 665 0.8367247837558816
58 714 0.7524508383648064
59 59 1.0
59 65 0.7966365501834852
59 72 0.815287221144282
59 77 0.806457240398872
59 460 1.0
59 461 0.7966365501834852
59 478 0.815287221144282
59 488 0.8386545444340353
59 489 0.806457240398872
59 515 0.775042465741502
59 525 0.8193308847975825
59 542 0.7834519829017786
59 553 0.8453960182234599
59 569 0.8038870788169434
59 572 0.8389430964791362
59 577 0.8562203209819799
59 607 0.7430781215118187
59 638 0.7647669757324963
59 664 0.6169163475442572
59 666 0.7668863780861274
59 701 0.7742275433083912
59 715 0.8416615094715227
59 726 0.7673209739449002
59 989 0.6389842640740308
59 1307 0.46480637597726276
60 60 1.0
60 448 1.0
60 449 0.8203568519277753
60 505 0.9381004039559006
60 520 0.7653392591798656
60 524 0.8836417666411476
60 564 0.9140968796386613
60 573 0.8313756581000515
60 598 0.8188685861183523
60 623 0.7900782479646546
60 668 0.7900782479646546
60 670 0.793963449827656
60 1241 0.26042457620286774
60 1304 0.7691390821100103
60 1437 0.7690201976808334
61 61 1.0
61 112 0.6520460158163714
61 129 0.8307942927283335
61 352 0.8110021453553145
61 502 0.7927739995337808
61 538 0.7872371704457952
61 553 0.7899710353935064
61 577 0.8012943939520921
61 650 0.7920984236751016
61 726 0.7606394727233278
61 1138 0.6520460158163714
61 1183 0.8236752139438643
61 1233 0.8082287113051242
61 1261 0.8000965291813043
61 1271 0.8000659559559848
61 1335 0.7407491449716616
61 1391 0.7525098083973012
62 62 1.0
62 504 0.851680728176144
62 543 0.8222836213185978
62 551 0.9019827290577679
62 556 0.8598134987620004
62 559 0.8313910469646562
62 588 0.9088525124625974
62 589 0.8325094361653328
62 635 0.9090273046056592
62 705 0.8664310011603651
62 1169 0.8291127671117391
62 1177 0.8291127671117391
62 1194 0.8291127671117391
62 1255 0.6329615211821121
63 63 1.0
63 471 0.7552742681506683
63 494 0.8364431726419871
63 496 0.7944747818930443
63 522 0.7784077568697811
63 525 0.8347292109124975
63 527 0.8626473742880255
63 529 0.8760269033886712
63 572 0.8405102146671611
63 593 0.8365476580126519
63 595 0.802373985771567
63 620 0.8364431726419871
63 624 0.8288986417979667
63 638 0.7780139078025655
63 646 0.8539684450291365
63 648 0.8550635168339114
63 664 0.6919071134465069
63 679 0.8288986417979667
63 687 0.8539684450291365
63 689 0.8550635168339114
63 697 0.8223416485867775
64 64 1.0
64 66 0.8582673695897939
64 150 0.7239679664099766
64 235 0.8564654738377295
64 464 0.8582673695897939
64 494 0.8438894783377143
64 522 0.8007919770294257
64 567 1.0
64 597 0.8455899548926821
64 605 0.8349979004052748
64 620 0.8438894783377143
64 667 0.9681820870025961
64 674 0.9681820870025961
64 696 0.8107038944325253
64 700 0.8010392703792889
64 862 0.8414053350637564
64 1022 0.8038528067897136
64 1113 0.7799024182345305
65 59 0.7966365501834852
65 65 1.0
65 79 0.7570199950724056
65 460 0.7966365501834852
65 461 1.0
65 488 0.778963490825896
65 499 0.7570199950724056
65 542 0.79446424174901
65 601 0.5312424390523319
65 641 0.7559575906137774
65 643 0.770963107601095
65 664 0.6805323371194268
65 682 0.7559575906137774
65 684 0.770963107601095
65 1168 0.15794747239442783
66 64 0.8582673695897939
66 66 1.0
66 78 0.8747970313163237
66 116 0.8677717545877964
66 210 0.738438183088162
66 212 0.7558891974400499
66 238 0.7558891974400499
66 312 0.8089987959005956
66 464 1.0
66 494 0.9908542866309151
66 497 0.8747970313163237
66 504 0.9477229949927426
66 519 0.8678296547879826
66 523 0.7944326965454327
66 525 0.8434447019264213
66 527 0.9179698557898599
66 529 0.8856879195323047
66 535 0.8478456840125604
66 567 0.8582673695897939
66 571 0.8415228603169759
66 572 0.8779136203283067
66 597 0.9731851758210573
66 603 0.7541935973959127
66 605 0.905945311480688
66 606 0.8650084639911858
66 616 0.8204649506458154
66 620 0.9908542866309151
66 641 0.885212213978387
66 643 0.8583206937651069
66 647 0.8602906260778607
66 655 0.9085132933722982
66 667 0.832672806116275
66 674 0.832672806116275
66 682 0.885212213978387
66 684 0.8583206937651069
66 688 0.8602906260778607
66 700 0.8097992260442967
66 704 0.7845353179784132
66 710 0.8731085064378024
66 720 0.9056881369149177
66 728 0.9118516112416368
66 730 0.8192593266609666
66 731 0.816151997134305
66 790 0.7844997227963724
66 913 0.839585400777737
66 1128 0.8784875262868449
66 1270 0.9015238331460533
66 1282 0.8759858997403697
66 1409 0.8618842484686577
66 1430 0.7844997227963724
66 1439 0.8726787813628485
67 67 1.0
67 455 0.8416199313790816
67 480 0.8173339579481335
67 486 0.8749847743247636
67 490 0.8416199313790816
67 500 0.8436704152918499
67 513 1.0
67 518 1.0
67 621 0.8280719367813014
67 632 0.8706925878705442
67 640 0.8222071699721486
67 652 1.0
67 662 0.8285700997755913
67 671 1.0
67 673 1.0
67 677 0.8280719367813014
67 703 0.8285700997755913
67 717 0.8170138525213848
68 56 0.8269663102451079
68 68 1.0
68 244 0.8851663893097789
68 316 0.8286753405999417
68 449 0.846645090768254
68 454 0.8269663102451079
68 465 1.0
68 483 0.8269663102451079
68 578 0.8269663102451079
68 657 0.8269663102451079
68 693 0.8269663102451079
68 972 0.8882820470938105
68 1437 0.8095515275803664
69 17 0.8482951124802774
69 69 1.0
69 207 0.7927746349002034
69 210 0.754329895449261
69 338 0.8482951124802774
69 353 0.8344218932162092
69 469 1.0
69 576 0.889158771511786
69 580 0.8743014375837701
69 605 0.8751149230680489
69 630 0.8604640885114008
69 655 0.8556287057053595
69 663 0.8604640885114008
69 720 0.843806474366428
69 1231 0.5120456231135563
70 57 0.8436108311988326
70 70 1.0
70 123 0.8483709755311386
70 194 0.8207976008613109
70 470 1.0
70 530 0.8538578432302311
70 538 0.8623470974448411
70 551 0.798626709196465
70 556 0.8312914054097316
70 585 0.8443796313387387
70 588 0.8470621508437427
70 628 0.8300095596150018
70 635 0.8643265449915628
70 1135 0.8021424698264413
70 1169 0.8483709755311386
70 1177 0.8483709755311386
70 1194 0.8483709755311386
71 37 0.769400151680878
71 71 1.0
71 130 0.8879058310286616
71 139 0.7339115203536951
71 154 0.8729063279014104
71 193 0.8716400264426659
71 252 0.670745499639738
71 418 0.769400151680878
71 453 0.8795209469974832
71 474 1.0
71 517 0.8968287323020243
71 545 0.8545552490077798
71 617 0.8845366145478936
71 712 0.8894973369440501
71 738 0.8152258998855908
71 818 0.7877362951582949
71 836 0.8240283434873559
71 839 0.8708413119423709
71 858 0.8386312292613862
71 925 0.8566409910799658
71 938 0.8152258998855908
71 951 0.8873459767998755
71 1010 0.9014665602786273
71 1011 0.8625420387640953
71 1030 0.8033023023595163
71 1046 0.8706911473285831
71 1109 0.9230616907496054
71 1190 0.7971175108727406
71 1254 0.9330450774941293
71 1279 0.7728189191902337
71 1382 0.7798601168867045
72 59 0.815287221144282
72 72 1.0
72 79 0.8344328243817181
72 279 0.8401858119081154
72 282 0.682830854000747
72 460 0.815287221144282
72 473 0.8475682805972834
72 478 1.0
72 488 0.8610830960407366
72 499 0.8344328243817181
72 506 0.8369302709268654
72 553 0.8454083263478325
72 613 0.8527974300605691
72 618 0.8541994921386337
72 628 0.8519964269475203
72 629 0.8187840575243062
72 661 0.8614402710138226
72 989 0.7092800384892254
72 1100 0.8733041175014828
72 1269 0.7901115489153332
72 1281 0.5109409590435824
72 1282 0.8364884597067458
73 73 1.0
73 446 0.8473359016580649
73 463 0.8383424676429098
73 479 1.0
73 495 0.8522029822517443
73 557 0.8204227389737396
73 569 0.8257409901867758
73 577 0.8528161203020621
73 631 0.8345014674440515
73 633 0.7717759244634823
73 644 0.7765593762260815
73 648 0.8404707816671984
73 669 0.791849665722893
73 676 0.8270157059896984
73 685 0.7765593762260815
73 689 0.8404707816671984
73 709 0.8349637747907772
73 1358 0.24170366478589164
73 1495 0.7151825168416672
74 74 1.0
74 98 0.8552157510704187
74 100 0.8560383602701663
74 130 0.8696193543669923
74 145 0.8998450102099705
74 227 0.8849462535804694
74 453 0.8660049587629589
74 476 1.0
74 498 0.7651918936918974
74 574 0.8745737927266084
74 774 0.8552157510704187
74 881 0.8708411524710629
74 1247 0.7948064520626263
74 1254 0.8686500335472879
75 75 1.0
75 451 0.8650336614548132
75 468 1.0
75 544 0.7828535117286106
75 572 0.8074576631384235
75 577 0.8035049739526009
75 609 0.78805552905309
75 636 0.8340111281362522
75 638 0.8514992290695789
75 646 0.8047258199797402
75 659 0.7727173039552224
75 666 0.8000523162347632
75 687 0.8047258199797402
75 1307 0.5166734354861242
76 54 0.8629714648203123
76 56 0.8722525302666734
76 76 1.0
76 180 0.7452201839733541
76 219 0.8263088302317738
76 279 0.8433903339240396
76 429 0.7298412478822687
76 454 0.8722525302666734
76 458 0.8423874768029835
76 483 0.8722525302666734
76 487 1.0
76 492 0.8529350992069106
76 493 0.980070915976617
76 504 0.9384845516282745
76 520 0.7265382065980857
76 539 0.9139143574912396
76 578 0.8722525302666734
76 591 0.8768632978791171
76 598 0.8242889352493296
76 613 0.8477861202779682
76 640 0.8202600532355766
76 657 0.8722525302666734
76 702 0.8157593656802938
76 706 0.7940000598979126
76 709 0.8603282260397719
76 714 0.8149692172859724
76 716 0.8722525302666734
76 722 0.8275523576981322
76 794 0.7298412478822687
76 1436 0.7874552883112602
76 1438 0.7996115167175016
76 1459 0.8298469275789346
77 52 0.8328523177695746
77 59 0.806457240398872
77 77 1.0
77 447 0.8328523177695746
77 460 0.806457240398872
77 463 0.8380511686191928
77 482 0.803324644809638
77 489 1.0
77 491 0.7970728075646977
77 526 0.7956282360928455
77 645 0.8493787043256742
77 651 0.7977262398831779
77 686 0.8493787043256742
78 52 0.8455011437760492
78 66 0.8747970313163237
78 78 1.0
78 128 0.7809128198027622
78 246 0.838003708451343
78 266 0.8574408453316096
78 278 0.8156635121753788
78 295 0.8239017843563724
78 301 0.8771571385718356
78 385 0.9024624152891814
78 447 0.8455011437760492
78 464 0.8747970313163237
78 497 1.0
78 553 0.8652743968521197
78 571 0.8469954891093002
78 616 0.8576138604716222
78 700 0.8064060371975927
78 742 0.8768075680091355
78 878 0.8706249358027741
78 1058 0.8090943330930477
78 1139 0.7780328751300968
78 1186 0.8701154980525533
78 1224 0.8614344219935367
78 1330 0.8317808263006738
78 1496 0.7591698274910944
79 65 0.7570199950724056
79 72 0.8344328243817181
79 79 1.0
79 461 0.7570199950724056
79 472 0.8733787417419301
79 478 0.8344328243817181
79 488 0.851443323787547
79 499 1.0
79 624 0.7750693292966653
79 654 0.8563746068808666
79 679 0.7750693292966653
79 692 0.8563746068808666
79 730 0.8396097526352309
79 1022 0.7885272558371978
79 1100 0.861235871217799
79 1186 0.8469357493555093
79 1373 0.8279183655529516
80 80 1.0
80 174 0.8491857516979658
80 247 0.8170259980029004
80 249 0.8269220491046195
80 507 1.0
80 519 0.8361250716914721
80 568 0.8703849044063069
80 593 0.8381699925518168
80 636 0.8465018376839707
80 669 0.7819737115034435
80 713 0.8078014682751306
80 715 0.8273263528588758
80 731 0.8329115723013177
80 863 0.832013294025491
80 1398 0.8390329878208999
81 81 1.0
81 208 0.6732546529872114
81 366 0.21723456609354821
81 508 1.0
81 877 0.7018102939572534
81 901 0.5626917274593655
81 912 0.862888556039287
81 1121 0.6718294785799083
81 1140 0.6805971187029408
81 1161 0.3011503857282983
81 1163 0.6453634447876277
81 1191 0.6410219964393086
81 1203 0.6474726080104116
81 1209 0.6556798029682293
81 1219 0.6697400183583221
81 1227 0.19113734590564144
81 1232 0.4925296141553566
81 1244 0.5602201820423185
81 1250 0.6729540235271485
81 1273 0.6469066677248578
81 1395 0.6730623500972337
81 1397 0.6767510540107965
81 1419 0.6336133383676328
81 1464 0.754580690052587
82 82 1.0
82 486 0.8125198170568619
82 500 0.8292034253694677
82 512 1.0
82 543 0.7995592075777848
82 613 0.7443075400807534
82 646 0.7891182690443502
82 658 0.797572193077904
82 661 0.7394459359109008
82 687 0.7891182690443502
82 694 0.797572193077904
82 697 0.8067384974247163
83 58 0.8021470546166847
83 83 1.0
83 459 0.8021470546166847
83 482 0.8392587074595305
83 491 0.8252361892514419
83 515 0.7607173724182688
83 532 1.0
83 543 0.8130821705738484
83 592 0.8937864102160964
83 613 0.8225855595870788
83 621 0.7650189940126682
83 629 0.868573287933594
83 665 0.795859457676537
83 677 0.7650189940126682
83 714 0.8065571754919034
84 84 1.0
84 732 1.0
84 833 0.8776350952629002
84 841 0.7620521233836467
84 923 0.8407417526084013
84 925 0.8357444119469503
84 936 0.8759667718060038
84 947 0.7962520201085392
84 1011 0.8325250827691317
84 1035 0.8578590421318111
84 1036 0.763343813790036
84 1046 0.8770743392345154
84 1077 0.8718238594235431
84 1078 0.871911214237266
84 1093 0.8718238594235431
